0.0155059266061252
0.0514084585480216
0.0850398783338449
0.123318789754116
0.174542504903400
0.245125612310932
0.328304839976554
0.402770749635401
0.0450780052696066
0.0720501299566403
0.104656030016586
0.151495666709504
0.208043250224823
0.287756333127063
0.373418318554646
0.432271405983577
0.0681249178615955
0.0952185583367521
0.131543169402828
0.180394997157845
0.246649830749991
0.329716693608782
0.409497528006880
0.457740556639711
0.105371896200362
0.124759922956862
0.168801983835717
0.223468734837822
0.293568342972507
0.382279461604509
0.447845488206969
0.483184628461341
0.154244276160433
0.174738884856665
0.228037299188364
0.292801652967134
0.356779865287998
0.434968949187430
0.483107730170598
0.492161341569460
0.211506083342715
0.244052097390695
0.290377509929927
0.370919312532859
0.437306419410744
0.488027640793470
0.519905692927938
0.514958412654040
0.274854122273708
0.331809964022326
0.364189470750804
0.446223560430123
0.498501860429430
0.524135198395897
0.532754368811910
0.547143244888314
0.353114313207932
0.403784275090023
0.451755934303882
0.507095446752421
0.536029489033080
0.540433941783681
0.541326906276652
0.575318889024609
0.0643768277750327
0.128379036484651
0.242714528921185
0.323804188322491
0.405311660378267
0.483933604932856
0.553144087810848
0.605237136595547
0.122872893245697
0.175570077346345
0.247602817812743
0.322539806032766
0.391601972799401
0.466356885087728
0.552668302914593
0.592103028480216
0.190629598627961
0.218226576235962
0.270469491689777
0.348698243210232
0.439433405316948
0.523757932690762
0.596189501581536
0.641554616804594
0.244617767612410
0.266937559086096
0.316714363889686
0.389548403317130
0.469723226623622
0.557429016714605
0.634911094914152
0.668009334857490
0.313391927838523
0.342030297858322
0.381174907072500
0.459139739806236
0.531558197026120
0.606677204125870
0.680301930452451
0.704372388190928
0.403976103943257
0.438959915083955
0.477967138310468
0.545111466233361
0.612288858363488
0.675690713315876
0.724646684759149
0.741598362652947
0.504343437158326
0.530569611944503
0.555106330914610
0.608836838227241
0.664456336461441
0.724373692560755
0.751861243817305
0.763754445444466
0.581401509778736
0.594247969535085
0.632994883782428
0.674196857746981
0.717336637261197
0.753323285691598
0.779790352523787
0.785523003027451
0.0920305567667316
0.149931556960936
0.265354168815870
0.365670725707515
0.434312159878070
0.508490290983786
0.573517542137601
0.610449695652431
0.155542850955079
0.215196563436946
0.292722536829120
0.363963305914995
0.423128047950033
0.495088541076625
0.567009691645850
0.619211438897221
0.276685793799143
0.296406206081713
0.339944185900378
0.403400383504255
0.471509070853739
0.546948049086656
0.608565337946834
0.655127887814494
0.345513009343573
0.360770873862084
0.396902692944705
0.452421249631814
0.513081878712007
0.585835454390870
0.650679219185145
0.694081561997247
0.404403889623611
0.421658312830447
0.454780796200572
0.505021167436415
0.568628328772542
0.641716592638654
0.698707762629513
0.731323016435464
0.482418951982122
0.500182951112392
0.532520276801394
0.588521340762212
0.639993067392932
0.696266676288951
0.741909665857150
0.759109462322937
0.539727523597098
0.571756439745499
0.597212693365344
0.637442178841030
0.686066595776725
0.733397416855613
0.772463580185137
0.789383165198954
0.605592389672481
0.624556449721658
0.650215783989842
0.688393527932042
0.731206526930741
0.763875579272504
0.792319280835038
0.799235391326753
0.141294185395486
0.192301563054939
0.269524572105367
0.372039781054474
0.442177913353146
0.512551724172630
0.578834961043542
0.618543626914674
0.191468089344127
0.238759518954918
0.307962076518963
0.373032873210294
0.438919868669200
0.495412200942920
0.573025736745096
0.612996657194102
0.296891182488333
0.320959391251910
0.359053198052258
0.419391856269909
0.481304284628066
0.549249142683349
0.617871485639457
0.662686733308144
0.361892393111772
0.380013681567959
0.411939065404066
0.459227121692144
0.521043764458067
0.591091182355020
0.656835436892960
0.696330657380572
0.423181472744448
0.434671415086168
0.469033113737163
0.520762883372898
0.574991827284237
0.643725642735779
0.703860073741405
0.738069284138674
0.497378014523000
0.512780224079380
0.547742913029506
0.592295431898206
0.651402160804488
0.708463622554540
0.748830612625574
0.768849699800415
0.557471789667550
0.576015495519551
0.607510951327426
0.648075469074092
0.686255704740859
0.738055606669800
0.768482746657788
0.788336429301068
0.611001439046337
0.628413805670078
0.657377263074592
0.693217252087475
0.738258382294621
0.770149415864313
0.789930714453992
0.798511193672802
0.191913668156911
0.237193924768546
0.290866747705221
0.369863928084713
0.442149893205648
0.511884430402004
0.573572592364069
0.622524612137923
0.244801296112782
0.262534411985052
0.315641943505994
0.367249933138469
0.428950594125025
0.498653071052852
0.570924205830129
0.615193874588087
0.315286892360642
0.326718798322019
0.374733789856433
0.426265068101125
0.483993239482364
0.551008119187683
0.615645537527019
0.661252027197746
0.373313710170962
0.388070339893338
0.419969001905894
0.463399962493950
0.518812969257162
0.591137568319519
0.654113111918590
0.696557969440751
0.428172223461159
0.444139672128395
0.474056301502959
0.518975153680877
0.581587034960255
0.647173425495429
0.707117802337801
0.736157354269128
0.503550891864193
0.517897679296852
0.550540506697924
0.597750305492605
0.649817784440191
0.706975946159017
0.754562093467374
0.769373756435629
0.563916256197662
0.580677379365940
0.606016173606410
0.644681229273384
0.688449855222758
0.741399185219527
0.772392752536554
0.786534895613993
0.612470225960505
0.630804425184868
0.653859819549039
0.698609405698319
0.734396721467842
0.766267824801470
0.789069789497050
0.795523420944498
0.239900558682394
0.258638957803552
0.309789632150302
0.367516535197962
0.436735989940032
0.505558108986285
0.574426611659756
0.617117449769619
0.276717104797839
0.288361571466815
0.323957897227889
0.369059098669386
0.428748924836075
0.498251364354906
0.570599368144904
0.611908025702595
0.324401603238028
0.333253095664473
0.368883839334117
0.424101747396858
0.483148553961166
0.551647416686367
0.621107752883034
0.661719894707124
0.381367137358653
0.391564954398713
0.418411195958919
0.460409617467001
0.522628976384712
0.593261295368366
0.660186913948821
0.701303339275661
0.429259785665258
0.443088089100564
0.469766606329081
0.515936335647847
0.578429366759276
0.644583918099465
0.706043515548926
0.739944006494220
0.502703445398268
0.516194643948797
0.546174336981041
0.591789436594950
0.647867554767556
0.705260535996880
0.746898177014585
0.766474205610389
0.565499443774622
0.574262839226564
0.599960115778769
0.645020592421951
0.696701456455126
0.741779113745109
0.775439428328634
0.785829888553839
0.615311227663696
0.626472790279050
0.662069749079867
0.694491822561708
0.735500223958599
0.768911086130490
0.789068495454386
0.797928340360026
0.292429598182290
0.293641453457568
0.339536741536174
0.383972110714914
0.441707064381799
0.511861953109359
0.582943928548409
0.623658515164191
0.307326783772887
0.316339435796376
0.339852355022676
0.367649579849263
0.427443341154327
0.499335772425261
0.576079266611615
0.613635289507854
0.339688423350630
0.352326743090790
0.377385486897525
0.426218455906273
0.486751172533171
0.557339770962129
0.619826387683168
0.661739407578682
0.384007945903699
0.397111310152223
0.421506642986074
0.467995447263752
0.524504718348214
0.593209330320132
0.655178693074853
0.702200451351790
0.431782565993030
0.447411229431785
0.478611160331448
0.517929904300233
0.579393222589392
0.648472652823918
0.707784246621312
0.738804986591318
0.502980911849172
0.520352775429711
0.548623363040790
0.593347486992360
0.651657696582750
0.705742990095319
0.753405995120372
0.770706257292864
0.566104285772799
0.579337041403664
0.605775799110982
0.641350031393287
0.689177241351273
0.745683117436130
0.770717467620329
0.790010396101767
0.619779855813315
0.631929395999043
0.657498897449556
0.693167741753033
0.738032702414512
0.770014301046942
0.791570572116206
0.803298481275461
0.318616884423288
0.312867631419342
0.345902907934044
0.391883852867843
0.441744503302710
0.507400304664448
0.577644148773762
0.623086769187611
0.313044742938723
0.319544620596554
0.345190293789383
0.380124975537453
0.435098054116431
0.497604363415501
0.566550194879714
0.615151679109441
0.350357869413823
0.359327476687241
0.385771395590698
0.428899179972972
0.485851512222915
0.557321236392533
0.622449463275334
0.664485994184270
0.381319099333377
0.398011429585567
0.423216420650315
0.464454139403014
0.523580746725257
0.592442957636436
0.661706061316636
0.703609984584324
0.434383145558662
0.445215874255054
0.477253087505968
0.520936378518790
0.574361738191430
0.645393631772667
0.703277528452889
0.737359589469875
0.506905587996475
0.520681932463329
0.548209193297179
0.593185535084660
0.652794590542744
0.706411296275472
0.755213853312674
0.773289661338676
0.560556046087229
0.573580105496298
0.604560943336411
0.640991995412552
0.691010880370964
0.740677507758720
0.772203020476500
0.784781278747897
0.619440428648202
0.627439510359352
0.657400574685289
0.695414923346381
0.735126843837254
0.770734120294232
0.787327698598596
0.802948887895125